name: soundseeker_ai
channels:
  - defaults
  - conda-forge
dependencies:
  - freetype=2.7=vc14_0
  - gensim=3.5.0=py36_vc14_0
  - h5py=2.7.0=np112py36_0
  - hdf5=1.8.17=vc14_8
  - jpeg=9b=vc14_1
  - libpng=1.6.24=vc14_0
  - libtiff=4.0.6=vc14_6
  - pillow=4.3.0=py36_1
  - protobuf=3.5.1=py36_vc14_3
  - tensorboard=0.4.0rc3=py36_2
  - tensorflow=1.4.0=py36_0
  - tk=8.5.19=vc14_0
  - zlib=1.2.11=vc14_0
  - asn1crypto=0.24.0=py36_0
  - blas=1.0=mkl
  - bleach=1.5.0=py36_0
  - boto=2.49.0=py36_0
  - boto3=1.9.35=py36_0
  - botocore=1.12.35=py36_0
  - ca-certificates=2018.03.07=0
  - certifi=2018.10.15=py36_0
  - cffi=1.11.5=py36h74b6da3_1
  - chardet=3.0.4=py36_1
  - cryptography=2.3.1=py36h7a1dbc1_2
  - cryptography-vectors=2.3.1=py36_0
  - docutils=0.14=py36h6012d8f_0
  - html5lib=0.9999999=py36_0
  - icc_rt=2017.0.4=h97af966_0
  - idna=2.7=py36_0
  - intel-openmp=2019.0=118
  - jmespath=0.9.3=py36_0
  - keras=2.1.4=py36_0
  - markdown=3.0.1=py36_0
  - mkl=2019.0=118
  - mkl_fft=1.0.6=py36hdbbee80_0
  - mkl_random=1.0.1=py36h77b88f5_1
  - numpy=1.12.1=py36hf30b8aa_1
  - numpy-base=1.15.4=py36h8128ebf_0
  - olefile=0.46=py36_0
  - openssl=1.1.1=he774522_0
  - pandas=0.21.1=py36h047fa9f_0
  - pip=18.1=py36_0
  - pycparser=2.19=py36_0
  - pyopenssl=18.0.0=py36_0
  - pysocks=1.6.8=py36_0
  - python=3.6.7=h33f27b4_1
  - python-dateutil=2.7.5=py36_0
  - pytz=2018.7=py36_0
  - pyyaml=3.12=py36_0
  - requests=2.20.0=py36_0
  - s3transfer=0.1.13=py36_0
  - scikit-learn=0.20.0=py36heebcf9a_1
  - scipy=1.1.0=py36hc28095f_0
  - setuptools=40.5.0=py36_0
  - six=1.11.0=py36_1
  - smart_open=1.7.1=py36_0
  - urllib3=1.23=py36_0
  - vc=14.1=h0510ff6_4
  - vs2015_runtime=14.15.26706=h3a45250_0
  - werkzeug=0.14.1=py36_0
  - wheel=0.32.2=py36_0
  - win_inet_pton=1.0.1=py36_1
  - wincertstore=0.2=py36h7fe50ca_0
prefix: C:\Users\Memfis\Anaconda3\envs\soundseeker_ai

